Cantidad de experimentos: 300
Cantidad de threads: 30
TIPO INSTANCIA NUMERO_INDIVIDUOS NUMERO_ITERACIONES TIPO_CRUZA MU  C_R P   D  REEMPLAZOS NEH EXTRA
D    0         150                500                SHADE      0.7 0.1 0.8 18 20  0.75 0
D    0         150                500                SHADE      0.7 0.1 0.8 18 20  0.75 1
D    0         150                500                SHADE      0.7 0.1 0.8 18 20  0.75 2
D    0         150                500                SHADE      0.7 0.1 0.8 18 20  0.75 3
D    0         150                500                SHADE      0.7 0.1 0.8 18 20  0.75 4

D    1         150                500                SHADE      0.7 0.1 0.8 18 20  0.75 0
D    1         150                500                SHADE      0.7 0.1 0.8 18 20  0.75 1
D    1         150                500                SHADE      0.7 0.1 0.8 18 20  0.75 2
D    1         150                500                SHADE      0.7 0.1 0.8 18 20  0.75 3
D    1         150                500                SHADE      0.7 0.1 0.8 18 20  0.75 4

D    2         150                500                SHADE      0.7 0.1 0.8 18 20  0.75 0
D    2         150                500                SHADE      0.7 0.1 0.8 18 20  0.75 1
D    2         150                500                SHADE      0.7 0.1 0.8 18 20  0.75 2
D    2         150                500                SHADE      0.7 0.1 0.8 18 20  0.75 3
D    2         150                500                SHADE      0.7 0.1 0.8 18 20  0.75 4

D    3         150                500                SHADE      0.7 0.1 0.8 18 20  0.75 0
D    3         150                500                SHADE      0.7 0.1 0.8 18 20  0.75 1
D    3         150                500                SHADE      0.7 0.1 0.8 18 20  0.75 2
D    3         150                500                SHADE      0.7 0.1 0.8 18 20  0.75 3
D    3         150                500                SHADE      0.7 0.1 0.8 18 20  0.75 4

D    4         150                500                SHADE      0.7 0.1 0.8 18 20  0.75 0
D    4         150                500                SHADE      0.7 0.1 0.8 18 20  0.75 1
D    4         150                500                SHADE      0.7 0.1 0.8 18 20  0.75 2
D    4         150                500                SHADE      0.7 0.1 0.8 18 20  0.75 3
D    4         150                500                SHADE      0.7 0.1 0.8 18 20  0.75 4

D    5         150                500                SHADE      0.7 0.1 0.8 18 20  0.75 0
D    5         150                500                SHADE      0.7 0.1 0.8 18 20  0.75 1
D    5         150                500                SHADE      0.7 0.1 0.8 18 20  0.75 2
D    5         150                500                SHADE      0.7 0.1 0.8 18 20  0.75 3
D    5         150                500                SHADE      0.7 0.1 0.8 18 20  0.75 4

D    6         150                500                SHADE      0.7 0.1 0.8 18 20  0.75 0
D    6         150                500                SHADE      0.7 0.1 0.8 18 20  0.75 1
D    6         150                500                SHADE      0.7 0.1 0.8 18 20  0.75 2
D    6         150                500                SHADE      0.7 0.1 0.8 18 20  0.75 3
D    6         150                500                SHADE      0.7 0.1 0.8 18 20  0.75 4

D    7         150                500                SHADE      0.7 0.1 0.8 18 20  0.75 0
D    7         150                500                SHADE      0.7 0.1 0.8 18 20  0.75 1
D    7         150                500                SHADE      0.7 0.1 0.8 18 20  0.75 2
D    7         150                500                SHADE      0.7 0.1 0.8 18 20  0.75 3
D    7         150                500                SHADE      0.7 0.1 0.8 18 20  0.75 4

D    8         150                500                SHADE      0.7 0.1 0.8 18 20  0.75 0
D    8         150                500                SHADE      0.7 0.1 0.8 18 20  0.75 1
D    8         150                500                SHADE      0.7 0.1 0.8 18 20  0.75 2
D    8         150                500                SHADE      0.7 0.1 0.8 18 20  0.75 3
D    8         150                500                SHADE      0.7 0.1 0.8 18 20  0.75 4

D    9         150                500                SHADE      0.7 0.1 0.8 18 20  0.75 0
D    9         150                500                SHADE      0.7 0.1 0.8 18 20  0.75 1
D    9         150                500                SHADE      0.7 0.1 0.8 18 20  0.75 2
D    9         150                500                SHADE      0.7 0.1 0.8 18 20  0.75 3
D    9         150                500                SHADE      0.7 0.1 0.8 18 20  0.75 4

D    10        150                500                SHADE      0.7 0.1 0.8 18 20  0.75 0
D    10        150                500                SHADE      0.7 0.1 0.8 18 20  0.75 1
D    10        150                500                SHADE      0.7 0.1 0.8 18 20  0.75 2
D    10        150                500                SHADE      0.7 0.1 0.8 18 20  0.75 3
D    10        150                500                SHADE      0.7 0.1 0.8 18 20  0.75 4

D    11        150                500                SHADE      0.7 0.1 0.8 18 20  0.75 0
D    11        150                500                SHADE      0.7 0.1 0.8 18 20  0.75 1
D    11        150                500                SHADE      0.7 0.1 0.8 18 20  0.75 2
D    11        150                500                SHADE      0.7 0.1 0.8 18 20  0.75 3
D    11        150                500                SHADE      0.7 0.1 0.8 18 20  0.75 4

D    12        150                500                SHADE      0.7 0.1 0.8 18 20  0.75 0
D    12        150                500                SHADE      0.7 0.1 0.8 18 20  0.75 1
D    12        150                500                SHADE      0.7 0.1 0.8 18 20  0.75 2
D    12        150                500                SHADE      0.7 0.1 0.8 18 20  0.75 3
D    12        150                500                SHADE      0.7 0.1 0.8 18 20  0.75 4

D    13        150                500                SHADE      0.7 0.1 0.8 18 20  0.75 0
D    13        150                500                SHADE      0.7 0.1 0.8 18 20  0.75 1
D    13        150                500                SHADE      0.7 0.1 0.8 18 20  0.75 2
D    13        150                500                SHADE      0.7 0.1 0.8 18 20  0.75 3
D    13        150                500                SHADE      0.7 0.1 0.8 18 20  0.75 4

D    14        150                500                SHADE      0.7 0.1 0.8 18 20  0.75 0
D    14        150                500                SHADE      0.7 0.1 0.8 18 20  0.75 1
D    14        150                500                SHADE      0.7 0.1 0.8 18 20  0.75 2
D    14        150                500                SHADE      0.7 0.1 0.8 18 20  0.75 3
D    14        150                500                SHADE      0.7 0.1 0.8 18 20  0.75 4

D    15        150                500                SHADE      0.7 0.1 0.8 18 20  0.75 0
D    15        150                500                SHADE      0.7 0.1 0.8 18 20  0.75 1
D    15        150                500                SHADE      0.7 0.1 0.8 18 20  0.75 2
D    15        150                500                SHADE      0.7 0.1 0.8 18 20  0.75 3
D    15        150                500                SHADE      0.7 0.1 0.8 18 20  0.75 4

D    16        150                500                SHADE      0.7 0.1 0.8 18 20  0.75 0
D    16        150                500                SHADE      0.7 0.1 0.8 18 20  0.75 1
D    16        150                500                SHADE      0.7 0.1 0.8 18 20  0.75 2
D    16        150                500                SHADE      0.7 0.1 0.8 18 20  0.75 3
D    16        150                500                SHADE      0.7 0.1 0.8 18 20  0.75 4

D    17        150                500                SHADE      0.7 0.1 0.8 18 20  0.75 0
D    17        150                500                SHADE      0.7 0.1 0.8 18 20  0.75 1
D    17        150                500                SHADE      0.7 0.1 0.8 18 20  0.75 2
D    17        150                500                SHADE      0.7 0.1 0.8 18 20  0.75 3
D    17        150                500                SHADE      0.7 0.1 0.8 18 20  0.75 4

D    18        150                500                SHADE      0.7 0.1 0.8 18 20  0.75 0
D    18        150                500                SHADE      0.7 0.1 0.8 18 20  0.75 1
D    18        150                500                SHADE      0.7 0.1 0.8 18 20  0.75 2
D    18        150                500                SHADE      0.7 0.1 0.8 18 20  0.75 3
D    18        150                500                SHADE      0.7 0.1 0.8 18 20  0.75 4

D    19        150                500                SHADE      0.7 0.1 0.8 18 20  0.75 0
D    19        150                500                SHADE      0.7 0.1 0.8 18 20  0.75 1
D    19        150                500                SHADE      0.7 0.1 0.8 18 20  0.75 2
D    19        150                500                SHADE      0.7 0.1 0.8 18 20  0.75 3
D    19        150                500                SHADE      0.7 0.1 0.8 18 20  0.75 4

D    20        150                500                SHADE      0.7 0.1 0.8 18 20  0.75 0
D    20        150                500                SHADE      0.7 0.1 0.8 18 20  0.75 1
D    20        150                500                SHADE      0.7 0.1 0.8 18 20  0.75 2
D    20        150                500                SHADE      0.7 0.1 0.8 18 20  0.75 3
D    20        150                500                SHADE      0.7 0.1 0.8 18 20  0.75 4

D    21        150                500                SHADE      0.7 0.1 0.8 18 20  0.75 0
D    21        150                500                SHADE      0.7 0.1 0.8 18 20  0.75 1
D    21        150                500                SHADE      0.7 0.1 0.8 18 20  0.75 2
D    21        150                500                SHADE      0.7 0.1 0.8 18 20  0.75 3
D    21        150                500                SHADE      0.7 0.1 0.8 18 20  0.75 4

D    22        150                500                SHADE      0.7 0.1 0.8 18 20  0.75 0
D    22        150                500                SHADE      0.7 0.1 0.8 18 20  0.75 1
D    22        150                500                SHADE      0.7 0.1 0.8 18 20  0.75 2
D    22        150                500                SHADE      0.7 0.1 0.8 18 20  0.75 3
D    22        150                500                SHADE      0.7 0.1 0.8 18 20  0.75 4

D    23        150                500                SHADE      0.7 0.1 0.8 18 20  0.75 0
D    23        150                500                SHADE      0.7 0.1 0.8 18 20  0.75 1
D    23        150                500                SHADE      0.7 0.1 0.8 18 20  0.75 2
D    23        150                500                SHADE      0.7 0.1 0.8 18 20  0.75 3
D    23        150                500                SHADE      0.7 0.1 0.8 18 20  0.75 4

D    24        150                500                SHADE      0.7 0.1 0.8 18 20  0.75 0
D    24        150                500                SHADE      0.7 0.1 0.8 18 20  0.75 1
D    24        150                500                SHADE      0.7 0.1 0.8 18 20  0.75 2
D    24        150                500                SHADE      0.7 0.1 0.8 18 20  0.75 3
D    24        150                500                SHADE      0.7 0.1 0.8 18 20  0.75 4

D    25        150                500                SHADE      0.7 0.1 0.8 18 20  0.75 0
D    25        150                500                SHADE      0.7 0.1 0.8 18 20  0.75 1
D    25        150                500                SHADE      0.7 0.1 0.8 18 20  0.75 2
D    25        150                500                SHADE      0.7 0.1 0.8 18 20  0.75 3
D    25        150                500                SHADE      0.7 0.1 0.8 18 20  0.75 4

D    26        150                500                SHADE      0.7 0.1 0.8 18 20  0.75 0
D    26        150                500                SHADE      0.7 0.1 0.8 18 20  0.75 1
D    26        150                500                SHADE      0.7 0.1 0.8 18 20  0.75 2
D    26        150                500                SHADE      0.7 0.1 0.8 18 20  0.75 3
D    26        150                500                SHADE      0.7 0.1 0.8 18 20  0.75 4

D    27        150                500                SHADE      0.7 0.1 0.8 18 20  0.75 0
D    27        150                500                SHADE      0.7 0.1 0.8 18 20  0.75 1
D    27        150                500                SHADE      0.7 0.1 0.8 18 20  0.75 2
D    27        150                500                SHADE      0.7 0.1 0.8 18 20  0.75 3
D    27        150                500                SHADE      0.7 0.1 0.8 18 20  0.75 4

D    28        150                500                SHADE      0.7 0.1 0.8 18 20  0.75 0
D    28        150                500                SHADE      0.7 0.1 0.8 18 20  0.75 1
D    28        150                500                SHADE      0.7 0.1 0.8 18 20  0.75 2
D    28        150                500                SHADE      0.7 0.1 0.8 18 20  0.75 3
D    28        150                500                SHADE      0.7 0.1 0.8 18 20  0.75 4

D    29        150                500                SHADE      0.7 0.1 0.8 18 20  0.75 0
D    29        150                500                SHADE      0.7 0.1 0.8 18 20  0.75 1
D    29        150                500                SHADE      0.7 0.1 0.8 18 20  0.75 2
D    29        150                500                SHADE      0.7 0.1 0.8 18 20  0.75 3
D    29        150                500                SHADE      0.7 0.1 0.8 18 20  0.75 4

D    30        150                500                SHADE      0.7 0.1 0.8 18 20  0.75 0
D    30        150                500                SHADE      0.7 0.1 0.8 18 20  0.75 1
D    30        150                500                SHADE      0.7 0.1 0.8 18 20  0.75 2
D    30        150                500                SHADE      0.7 0.1 0.8 18 20  0.75 3
D    30        150                500                SHADE      0.7 0.1 0.8 18 20  0.75 4

D    31        150                500                SHADE      0.7 0.1 0.8 18 20  0.75 0
D    31        150                500                SHADE      0.7 0.1 0.8 18 20  0.75 1
D    31        150                500                SHADE      0.7 0.1 0.8 18 20  0.75 2
D    31        150                500                SHADE      0.7 0.1 0.8 18 20  0.75 3
D    31        150                500                SHADE      0.7 0.1 0.8 18 20  0.75 4

D    32        150                500                SHADE      0.7 0.1 0.8 18 20  0.75 0
D    32        150                500                SHADE      0.7 0.1 0.8 18 20  0.75 1
D    32        150                500                SHADE      0.7 0.1 0.8 18 20  0.75 2
D    32        150                500                SHADE      0.7 0.1 0.8 18 20  0.75 3
D    32        150                500                SHADE      0.7 0.1 0.8 18 20  0.75 4

D    33        150                500                SHADE      0.7 0.1 0.8 18 20  0.75 0
D    33        150                500                SHADE      0.7 0.1 0.8 18 20  0.75 1
D    33        150                500                SHADE      0.7 0.1 0.8 18 20  0.75 2
D    33        150                500                SHADE      0.7 0.1 0.8 18 20  0.75 3
D    33        150                500                SHADE      0.7 0.1 0.8 18 20  0.75 4

D    34        150                500                SHADE      0.7 0.1 0.8 18 20  0.75 0
D    34        150                500                SHADE      0.7 0.1 0.8 18 20  0.75 1
D    34        150                500                SHADE      0.7 0.1 0.8 18 20  0.75 2
D    34        150                500                SHADE      0.7 0.1 0.8 18 20  0.75 3
D    34        150                500                SHADE      0.7 0.1 0.8 18 20  0.75 4

D    35        150                500                SHADE      0.7 0.1 0.8 18 20  0.75 0
D    35        150                500                SHADE      0.7 0.1 0.8 18 20  0.75 1
D    35        150                500                SHADE      0.7 0.1 0.8 18 20  0.75 2
D    35        150                500                SHADE      0.7 0.1 0.8 18 20  0.75 3
D    35        150                500                SHADE      0.7 0.1 0.8 18 20  0.75 4

D    36        150                500                SHADE      0.7 0.1 0.8 18 20  0.75 0
D    36        150                500                SHADE      0.7 0.1 0.8 18 20  0.75 1
D    36        150                500                SHADE      0.7 0.1 0.8 18 20  0.75 2
D    36        150                500                SHADE      0.7 0.1 0.8 18 20  0.75 3
D    36        150                500                SHADE      0.7 0.1 0.8 18 20  0.75 4

D    37        150                500                SHADE      0.7 0.1 0.8 18 20  0.75 0
D    37        150                500                SHADE      0.7 0.1 0.8 18 20  0.75 1
D    37        150                500                SHADE      0.7 0.1 0.8 18 20  0.75 2
D    37        150                500                SHADE      0.7 0.1 0.8 18 20  0.75 3
D    37        150                500                SHADE      0.7 0.1 0.8 18 20  0.75 4

D    38        150                500                SHADE      0.7 0.1 0.8 18 20  0.75 0
D    38        150                500                SHADE      0.7 0.1 0.8 18 20  0.75 1
D    38        150                500                SHADE      0.7 0.1 0.8 18 20  0.75 2
D    38        150                500                SHADE      0.7 0.1 0.8 18 20  0.75 3
D    38        150                500                SHADE      0.7 0.1 0.8 18 20  0.75 4

D    39        150                500                SHADE      0.7 0.1 0.8 18 20  0.75 0
D    39        150                500                SHADE      0.7 0.1 0.8 18 20  0.75 1
D    39        150                500                SHADE      0.7 0.1 0.8 18 20  0.75 2
D    39        150                500                SHADE      0.7 0.1 0.8 18 20  0.75 3
D    39        150                500                SHADE      0.7 0.1 0.8 18 20  0.75 4

D    40        150                500                SHADE      0.7 0.1 0.8 18 20  0.75 0
D    40        150                500                SHADE      0.7 0.1 0.8 18 20  0.75 1
D    40        150                500                SHADE      0.7 0.1 0.8 18 20  0.75 2
D    40        150                500                SHADE      0.7 0.1 0.8 18 20  0.75 3
D    40        150                500                SHADE      0.7 0.1 0.8 18 20  0.75 4

D    41        150                500                SHADE      0.7 0.1 0.8 18 20  0.75 0
D    41        150                500                SHADE      0.7 0.1 0.8 18 20  0.75 1
D    41        150                500                SHADE      0.7 0.1 0.8 18 20  0.75 2
D    41        150                500                SHADE      0.7 0.1 0.8 18 20  0.75 3
D    41        150                500                SHADE      0.7 0.1 0.8 18 20  0.75 4

D    42        150                500                SHADE      0.7 0.1 0.8 18 20  0.75 0
D    42        150                500                SHADE      0.7 0.1 0.8 18 20  0.75 1
D    42        150                500                SHADE      0.7 0.1 0.8 18 20  0.75 2
D    42        150                500                SHADE      0.7 0.1 0.8 18 20  0.75 3
D    42        150                500                SHADE      0.7 0.1 0.8 18 20  0.75 4

D    43        150                500                SHADE      0.7 0.1 0.8 18 20  0.75 0
D    43        150                500                SHADE      0.7 0.1 0.8 18 20  0.75 1
D    43        150                500                SHADE      0.7 0.1 0.8 18 20  0.75 2
D    43        150                500                SHADE      0.7 0.1 0.8 18 20  0.75 3
D    43        150                500                SHADE      0.7 0.1 0.8 18 20  0.75 4

D    44        150                500                SHADE      0.7 0.1 0.8 18 20  0.75 0
D    44        150                500                SHADE      0.7 0.1 0.8 18 20  0.75 1
D    44        150                500                SHADE      0.7 0.1 0.8 18 20  0.75 2
D    44        150                500                SHADE      0.7 0.1 0.8 18 20  0.75 3
D    44        150                500                SHADE      0.7 0.1 0.8 18 20  0.75 4

D    45        150                500                SHADE      0.7 0.1 0.8 18 20  0.75 0
D    45        150                500                SHADE      0.7 0.1 0.8 18 20  0.75 1
D    45        150                500                SHADE      0.7 0.1 0.8 18 20  0.75 2
D    45        150                500                SHADE      0.7 0.1 0.8 18 20  0.75 3
D    45        150                500                SHADE      0.7 0.1 0.8 18 20  0.75 4

D    46        150                500                SHADE      0.7 0.1 0.8 18 20  0.75 0
D    46        150                500                SHADE      0.7 0.1 0.8 18 20  0.75 1
D    46        150                500                SHADE      0.7 0.1 0.8 18 20  0.75 2
D    46        150                500                SHADE      0.7 0.1 0.8 18 20  0.75 3
D    46        150                500                SHADE      0.7 0.1 0.8 18 20  0.75 4

D    47        150                500                SHADE      0.7 0.1 0.8 18 20  0.75 0
D    47        150                500                SHADE      0.7 0.1 0.8 18 20  0.75 1
D    47        150                500                SHADE      0.7 0.1 0.8 18 20  0.75 2
D    47        150                500                SHADE      0.7 0.1 0.8 18 20  0.75 3
D    47        150                500                SHADE      0.7 0.1 0.8 18 20  0.75 4

D    48        150                500                SHADE      0.7 0.1 0.8 18 20  0.75 0
D    48        150                500                SHADE      0.7 0.1 0.8 18 20  0.75 1
D    48        150                500                SHADE      0.7 0.1 0.8 18 20  0.75 2
D    48        150                500                SHADE      0.7 0.1 0.8 18 20  0.75 3
D    48        150                500                SHADE      0.7 0.1 0.8 18 20  0.75 4

D    49        150                500                SHADE      0.7 0.1 0.8 18 20  0.75 0
D    49        150                500                SHADE      0.7 0.1 0.8 18 20  0.75 1
D    49        150                500                SHADE      0.7 0.1 0.8 18 20  0.75 2
D    49        150                500                SHADE      0.7 0.1 0.8 18 20  0.75 3
D    49        150                500                SHADE      0.7 0.1 0.8 18 20  0.75 4

D    50        150                500                SHADE      0.7 0.1 0.8 18 20  0.75 0
D    50        150                500                SHADE      0.7 0.1 0.8 18 20  0.75 1
D    50        150                500                SHADE      0.7 0.1 0.8 18 20  0.75 2
D    50        150                500                SHADE      0.7 0.1 0.8 18 20  0.75 3
D    50        150                500                SHADE      0.7 0.1 0.8 18 20  0.75 4

D    51        150                500                SHADE      0.7 0.1 0.8 18 20  0.75 0
D    51        150                500                SHADE      0.7 0.1 0.8 18 20  0.75 1
D    51        150                500                SHADE      0.7 0.1 0.8 18 20  0.75 2
D    51        150                500                SHADE      0.7 0.1 0.8 18 20  0.75 3
D    51        150                500                SHADE      0.7 0.1 0.8 18 20  0.75 4

D    52        150                500                SHADE      0.7 0.1 0.8 18 20  0.75 0
D    52        150                500                SHADE      0.7 0.1 0.8 18 20  0.75 1
D    52        150                500                SHADE      0.7 0.1 0.8 18 20  0.75 2
D    52        150                500                SHADE      0.7 0.1 0.8 18 20  0.75 3
D    52        150                500                SHADE      0.7 0.1 0.8 18 20  0.75 4

D    53        150                500                SHADE      0.7 0.1 0.8 18 20  0.75 0
D    53        150                500                SHADE      0.7 0.1 0.8 18 20  0.75 1
D    53        150                500                SHADE      0.7 0.1 0.8 18 20  0.75 2
D    53        150                500                SHADE      0.7 0.1 0.8 18 20  0.75 3
D    53        150                500                SHADE      0.7 0.1 0.8 18 20  0.75 4

D    54        150                500                SHADE      0.7 0.1 0.8 18 20  0.75 0
D    54        150                500                SHADE      0.7 0.1 0.8 18 20  0.75 1
D    54        150                500                SHADE      0.7 0.1 0.8 18 20  0.75 2
D    54        150                500                SHADE      0.7 0.1 0.8 18 20  0.75 3
D    54        150                500                SHADE      0.7 0.1 0.8 18 20  0.75 4

D    55        150                500                SHADE      0.7 0.1 0.8 18 20  0.75 0
D    55        150                500                SHADE      0.7 0.1 0.8 18 20  0.75 1
D    55        150                500                SHADE      0.7 0.1 0.8 18 20  0.75 2
D    55        150                500                SHADE      0.7 0.1 0.8 18 20  0.75 3
D    55        150                500                SHADE      0.7 0.1 0.8 18 20  0.75 4

D    56        150                500                SHADE      0.7 0.1 0.8 18 20  0.75 0
D    56        150                500                SHADE      0.7 0.1 0.8 18 20  0.75 1
D    56        150                500                SHADE      0.7 0.1 0.8 18 20  0.75 2
D    56        150                500                SHADE      0.7 0.1 0.8 18 20  0.75 3
D    56        150                500                SHADE      0.7 0.1 0.8 18 20  0.75 4

D    57        150                500                SHADE      0.7 0.1 0.8 18 20  0.75 0
D    57        150                500                SHADE      0.7 0.1 0.8 18 20  0.75 1
D    57        150                500                SHADE      0.7 0.1 0.8 18 20  0.75 2
D    57        150                500                SHADE      0.7 0.1 0.8 18 20  0.75 3
D    57        150                500                SHADE      0.7 0.1 0.8 18 20  0.75 4

D    58        150                500                SHADE      0.7 0.1 0.8 18 20  0.75 0
D    58        150                500                SHADE      0.7 0.1 0.8 18 20  0.75 1
D    58        150                500                SHADE      0.7 0.1 0.8 18 20  0.75 2
D    58        150                500                SHADE      0.7 0.1 0.8 18 20  0.75 3
D    58        150                500                SHADE      0.7 0.1 0.8 18 20  0.75 4

D    59        150                500                SHADE      0.7 0.1 0.8 18 20  0.75 0
D    59        150                500                SHADE      0.7 0.1 0.8 18 20  0.75 1
D    59        150                500                SHADE      0.7 0.1 0.8 18 20  0.75 2
D    59        150                500                SHADE      0.7 0.1 0.8 18 20  0.75 3
D    59        150                500                SHADE      0.7 0.1 0.8 18 20  0.75 4
