Cantidad de experimentos: 300
Cantidad de threads: 30
TIPO INSTANCIA NUMERO_INDIVIDUOS NUMERO_ITERACIONES TIPO_CRUZA MU  C_R P   D  REEMPLAZOS NEH EXTRA
D    60         150                500                SHADE      0.7 0.1 0.8 18 20  0.95 0
D    60         150                500                SHADE      0.7 0.1 0.8 18 20  0.95 1
D    60         150                500                SHADE      0.7 0.1 0.8 18 20  0.95 2
D    60         150                500                SHADE      0.7 0.1 0.8 18 20  0.95 3
D    60         150                500                SHADE      0.7 0.1 0.8 18 20  0.95 4

D    61         150                500                SHADE      0.7 0.1 0.8 18 20  0.95 0
D    61         150                500                SHADE      0.7 0.1 0.8 18 20  0.95 1
D    61         150                500                SHADE      0.7 0.1 0.8 18 20  0.95 2
D    61         150                500                SHADE      0.7 0.1 0.8 18 20  0.95 3
D    61         150                500                SHADE      0.7 0.1 0.8 18 20  0.95 4

D    65         150                500                SHADE      0.7 0.1 0.8 18 20  0.95 0
D    65         150                500                SHADE      0.7 0.1 0.8 18 20  0.95 1
D    65         150                500                SHADE      0.7 0.1 0.8 18 20  0.95 2
D    65         150                500                SHADE      0.7 0.1 0.8 18 20  0.95 3
D    65         150                500                SHADE      0.7 0.1 0.8 18 20  0.95 4

D    63         150                500                SHADE      0.7 0.1 0.8 18 20  0.95 0
D    63         150                500                SHADE      0.7 0.1 0.8 18 20  0.95 1
D    63         150                500                SHADE      0.7 0.1 0.8 18 20  0.95 2
D    63         150                500                SHADE      0.7 0.1 0.8 18 20  0.95 3
D    63         150                500                SHADE      0.7 0.1 0.8 18 20  0.95 4

D    64         150                500                SHADE      0.7 0.1 0.8 18 20  0.95 0
D    64         150                500                SHADE      0.7 0.1 0.8 18 20  0.95 1
D    64         150                500                SHADE      0.7 0.1 0.8 18 20  0.95 2
D    64         150                500                SHADE      0.7 0.1 0.8 18 20  0.95 3
D    64         150                500                SHADE      0.7 0.1 0.8 18 20  0.95 4

D    65         150                500                SHADE      0.7 0.1 0.8 18 20  0.95 0
D    65         150                500                SHADE      0.7 0.1 0.8 18 20  0.95 1
D    65         150                500                SHADE      0.7 0.1 0.8 18 20  0.95 2
D    65         150                500                SHADE      0.7 0.1 0.8 18 20  0.95 3
D    65         150                500                SHADE      0.7 0.1 0.8 18 20  0.95 4

D    66         150                500                SHADE      0.7 0.1 0.8 18 20  0.95 0
D    66         150                500                SHADE      0.7 0.1 0.8 18 20  0.95 1
D    66         150                500                SHADE      0.7 0.1 0.8 18 20  0.95 2
D    66         150                500                SHADE      0.7 0.1 0.8 18 20  0.95 3
D    66         150                500                SHADE      0.7 0.1 0.8 18 20  0.95 4

D    67         150                500                SHADE      0.7 0.1 0.8 18 20  0.95 0
D    67         150                500                SHADE      0.7 0.1 0.8 18 20  0.95 1
D    67         150                500                SHADE      0.7 0.1 0.8 18 20  0.95 2
D    67         150                500                SHADE      0.7 0.1 0.8 18 20  0.95 3
D    67         150                500                SHADE      0.7 0.1 0.8 18 20  0.95 4

D    68         150                500                SHADE      0.7 0.1 0.8 18 20  0.95 0
D    68         150                500                SHADE      0.7 0.1 0.8 18 20  0.95 1
D    68         150                500                SHADE      0.7 0.1 0.8 18 20  0.95 2
D    68         150                500                SHADE      0.7 0.1 0.8 18 20  0.95 3
D    68         150                500                SHADE      0.7 0.1 0.8 18 20  0.95 4

D    69         150                500                SHADE      0.7 0.1 0.8 18 20  0.95 0
D    69         150                500                SHADE      0.7 0.1 0.8 18 20  0.95 1
D    69         150                500                SHADE      0.7 0.1 0.8 18 20  0.95 2
D    69         150                500                SHADE      0.7 0.1 0.8 18 20  0.95 3
D    69         150                500                SHADE      0.7 0.1 0.8 18 20  0.95 4

D    70        150                500                SHADE      0.7 0.1 0.8 18 20  0.95 0
D    70        150                500                SHADE      0.7 0.1 0.8 18 20  0.95 1
D    70        150                500                SHADE      0.7 0.1 0.8 18 20  0.95 2
D    70        150                500                SHADE      0.7 0.1 0.8 18 20  0.95 3
D    70        150                500                SHADE      0.7 0.1 0.8 18 20  0.95 4

D    71        150                500                SHADE      0.7 0.1 0.8 18 20  0.95 0
D    71        150                500                SHADE      0.7 0.1 0.8 18 20  0.95 1
D    71        150                500                SHADE      0.7 0.1 0.8 18 20  0.95 2
D    71        150                500                SHADE      0.7 0.1 0.8 18 20  0.95 3
D    71        150                500                SHADE      0.7 0.1 0.8 18 20  0.95 4

D    72        150                500                SHADE      0.7 0.1 0.8 18 20  0.95 0
D    72        150                500                SHADE      0.7 0.1 0.8 18 20  0.95 1
D    72        150                500                SHADE      0.7 0.1 0.8 18 20  0.95 2
D    72        150                500                SHADE      0.7 0.1 0.8 18 20  0.95 3
D    72        150                500                SHADE      0.7 0.1 0.8 18 20  0.95 4

D    73        150                500                SHADE      0.7 0.1 0.8 18 20  0.95 0
D    73        150                500                SHADE      0.7 0.1 0.8 18 20  0.95 1
D    73        150                500                SHADE      0.7 0.1 0.8 18 20  0.95 2
D    73        150                500                SHADE      0.7 0.1 0.8 18 20  0.95 3
D    73        150                500                SHADE      0.7 0.1 0.8 18 20  0.95 4

D    74        150                500                SHADE      0.7 0.1 0.8 18 20  0.95 0
D    74        150                500                SHADE      0.7 0.1 0.8 18 20  0.95 1
D    74        150                500                SHADE      0.7 0.1 0.8 18 20  0.95 2
D    74        150                500                SHADE      0.7 0.1 0.8 18 20  0.95 3
D    74        150                500                SHADE      0.7 0.1 0.8 18 20  0.95 4

D    75        150                500                SHADE      0.7 0.1 0.8 18 20  0.95 0
D    75        150                500                SHADE      0.7 0.1 0.8 18 20  0.95 1
D    75        150                500                SHADE      0.7 0.1 0.8 18 20  0.95 2
D    75        150                500                SHADE      0.7 0.1 0.8 18 20  0.95 3
D    75        150                500                SHADE      0.7 0.1 0.8 18 20  0.95 4

D    76        150                500                SHADE      0.7 0.1 0.8 18 20  0.95 0
D    76        150                500                SHADE      0.7 0.1 0.8 18 20  0.95 1
D    76        150                500                SHADE      0.7 0.1 0.8 18 20  0.95 2
D    76        150                500                SHADE      0.7 0.1 0.8 18 20  0.95 3
D    76        150                500                SHADE      0.7 0.1 0.8 18 20  0.95 4

D    77        150                500                SHADE      0.7 0.1 0.8 18 20  0.95 0
D    77        150                500                SHADE      0.7 0.1 0.8 18 20  0.95 1
D    77        150                500                SHADE      0.7 0.1 0.8 18 20  0.95 2
D    77        150                500                SHADE      0.7 0.1 0.8 18 20  0.95 3
D    77        150                500                SHADE      0.7 0.1 0.8 18 20  0.95 4

D    78        150                500                SHADE      0.7 0.1 0.8 18 20  0.95 0
D    78        150                500                SHADE      0.7 0.1 0.8 18 20  0.95 1
D    78        150                500                SHADE      0.7 0.1 0.8 18 20  0.95 2
D    78        150                500                SHADE      0.7 0.1 0.8 18 20  0.95 3
D    78        150                500                SHADE      0.7 0.1 0.8 18 20  0.95 4

D    79        150                500                SHADE      0.7 0.1 0.8 18 20  0.95 0
D    79        150                500                SHADE      0.7 0.1 0.8 18 20  0.95 1
D    79        150                500                SHADE      0.7 0.1 0.8 18 20  0.95 2
D    79        150                500                SHADE      0.7 0.1 0.8 18 20  0.95 3
D    79        150                500                SHADE      0.7 0.1 0.8 18 20  0.95 4

D    80        150                500                SHADE      0.7 0.1 0.8 18 20  0.95 0
D    80        150                500                SHADE      0.7 0.1 0.8 18 20  0.95 1
D    80        150                500                SHADE      0.7 0.1 0.8 18 20  0.95 2
D    80        150                500                SHADE      0.7 0.1 0.8 18 20  0.95 3
D    80        150                500                SHADE      0.7 0.1 0.8 18 20  0.95 4

D    81        150                500                SHADE      0.7 0.1 0.8 18 20  0.95 0
D    81        150                500                SHADE      0.7 0.1 0.8 18 20  0.95 1
D    81        150                500                SHADE      0.7 0.1 0.8 18 20  0.95 2
D    81        150                500                SHADE      0.7 0.1 0.8 18 20  0.95 3
D    81        150                500                SHADE      0.7 0.1 0.8 18 20  0.95 4

D    82        150                500                SHADE      0.7 0.1 0.8 18 20  0.95 0
D    82        150                500                SHADE      0.7 0.1 0.8 18 20  0.95 1
D    82        150                500                SHADE      0.7 0.1 0.8 18 20  0.95 2
D    82        150                500                SHADE      0.7 0.1 0.8 18 20  0.95 3
D    82        150                500                SHADE      0.7 0.1 0.8 18 20  0.95 4

D    83        150                500                SHADE      0.7 0.1 0.8 18 20  0.95 0
D    83        150                500                SHADE      0.7 0.1 0.8 18 20  0.95 1
D    83        150                500                SHADE      0.7 0.1 0.8 18 20  0.95 2
D    83        150                500                SHADE      0.7 0.1 0.8 18 20  0.95 3
D    83        150                500                SHADE      0.7 0.1 0.8 18 20  0.95 4

D    84        150                500                SHADE      0.7 0.1 0.8 18 20  0.95 0
D    84        150                500                SHADE      0.7 0.1 0.8 18 20  0.95 1
D    84        150                500                SHADE      0.7 0.1 0.8 18 20  0.95 2
D    84        150                500                SHADE      0.7 0.1 0.8 18 20  0.95 3
D    84        150                500                SHADE      0.7 0.1 0.8 18 20  0.95 4

D    85        150                500                SHADE      0.7 0.1 0.8 18 20  0.95 0
D    85        150                500                SHADE      0.7 0.1 0.8 18 20  0.95 1
D    85        150                500                SHADE      0.7 0.1 0.8 18 20  0.95 2
D    85        150                500                SHADE      0.7 0.1 0.8 18 20  0.95 3
D    85        150                500                SHADE      0.7 0.1 0.8 18 20  0.95 4

D    86        150                500                SHADE      0.7 0.1 0.8 18 20  0.95 0
D    86        150                500                SHADE      0.7 0.1 0.8 18 20  0.95 1
D    86        150                500                SHADE      0.7 0.1 0.8 18 20  0.95 2
D    86        150                500                SHADE      0.7 0.1 0.8 18 20  0.95 3
D    86        150                500                SHADE      0.7 0.1 0.8 18 20  0.95 4

D    87        150                500                SHADE      0.7 0.1 0.8 18 20  0.95 0
D    87        150                500                SHADE      0.7 0.1 0.8 18 20  0.95 1
D    87        150                500                SHADE      0.7 0.1 0.8 18 20  0.95 2
D    87        150                500                SHADE      0.7 0.1 0.8 18 20  0.95 3
D    87        150                500                SHADE      0.7 0.1 0.8 18 20  0.95 4

D    88        150                500                SHADE      0.7 0.1 0.8 18 20  0.95 0
D    88        150                500                SHADE      0.7 0.1 0.8 18 20  0.95 1
D    88        150                500                SHADE      0.7 0.1 0.8 18 20  0.95 2
D    88        150                500                SHADE      0.7 0.1 0.8 18 20  0.95 3
D    88        150                500                SHADE      0.7 0.1 0.8 18 20  0.95 4

D    89        150                500                SHADE      0.7 0.1 0.8 18 20  0.95 0
D    89        150                500                SHADE      0.7 0.1 0.8 18 20  0.95 1
D    89        150                500                SHADE      0.7 0.1 0.8 18 20  0.95 2
D    89        150                500                SHADE      0.7 0.1 0.8 18 20  0.95 3
D    89        150                500                SHADE      0.7 0.1 0.8 18 20  0.95 4

D    90        150                500                SHADE      0.7 0.1 0.8 18 20  0.975 0
D    90        150                500                SHADE      0.7 0.1 0.8 18 20  0.975 1
D    90        150                500                SHADE      0.7 0.1 0.8 18 20  0.975 2
D    90        150                500                SHADE      0.7 0.1 0.8 18 20  0.975 3
D    90        150                500                SHADE      0.7 0.1 0.8 18 20  0.975 4

D    91        150                500                SHADE      0.7 0.1 0.8 18 20  0.975 0
D    91        150                500                SHADE      0.7 0.1 0.8 18 20  0.975 1
D    91        150                500                SHADE      0.7 0.1 0.8 18 20  0.975 2
D    91        150                500                SHADE      0.7 0.1 0.8 18 20  0.975 3
D    91        150                500                SHADE      0.7 0.1 0.8 18 20  0.975 4

D    92        150                500                SHADE      0.7 0.1 0.8 18 20  0.975 0
D    92        150                500                SHADE      0.7 0.1 0.8 18 20  0.975 1
D    92        150                500                SHADE      0.7 0.1 0.8 18 20  0.975 2
D    92        150                500                SHADE      0.7 0.1 0.8 18 20  0.975 3
D    92        150                500                SHADE      0.7 0.1 0.8 18 20  0.975 4

D    93        150                500                SHADE      0.7 0.1 0.8 18 20  0.975 0
D    93        150                500                SHADE      0.7 0.1 0.8 18 20  0.975 1
D    93        150                500                SHADE      0.7 0.1 0.8 18 20  0.975 2
D    93        150                500                SHADE      0.7 0.1 0.8 18 20  0.975 3
D    93        150                500                SHADE      0.7 0.1 0.8 18 20  0.975 4

D    94        150                500                SHADE      0.7 0.1 0.8 18 20  0.975 0
D    94        150                500                SHADE      0.7 0.1 0.8 18 20  0.975 1
D    94        150                500                SHADE      0.7 0.1 0.8 18 20  0.975 2
D    94        150                500                SHADE      0.7 0.1 0.8 18 20  0.975 3
D    94        150                500                SHADE      0.7 0.1 0.8 18 20  0.975 4

D    95        150                500                SHADE      0.7 0.1 0.8 18 20  0.975 0
D    95        150                500                SHADE      0.7 0.1 0.8 18 20  0.975 1
D    95        150                500                SHADE      0.7 0.1 0.8 18 20  0.975 2
D    95        150                500                SHADE      0.7 0.1 0.8 18 20  0.975 3
D    95        150                500                SHADE      0.7 0.1 0.8 18 20  0.975 4

D    96        150                500                SHADE      0.7 0.1 0.8 18 20  0.975 0
D    96        150                500                SHADE      0.7 0.1 0.8 18 20  0.975 1
D    96        150                500                SHADE      0.7 0.1 0.8 18 20  0.975 2
D    96        150                500                SHADE      0.7 0.1 0.8 18 20  0.975 3
D    96        150                500                SHADE      0.7 0.1 0.8 18 20  0.975 4

D    97        150                500                SHADE      0.7 0.1 0.8 18 20  0.975 0
D    97        150                500                SHADE      0.7 0.1 0.8 18 20  0.975 1
D    97        150                500                SHADE      0.7 0.1 0.8 18 20  0.975 2
D    97        150                500                SHADE      0.7 0.1 0.8 18 20  0.975 3
D    97        150                500                SHADE      0.7 0.1 0.8 18 20  0.975 4

D    98        150                500                SHADE      0.7 0.1 0.8 18 20  0.975 0
D    98        150                500                SHADE      0.7 0.1 0.8 18 20  0.975 1
D    98        150                500                SHADE      0.7 0.1 0.8 18 20  0.975 2
D    98        150                500                SHADE      0.7 0.1 0.8 18 20  0.975 3
D    98        150                500                SHADE      0.7 0.1 0.8 18 20  0.975 4

D    99        150                500                SHADE      0.7 0.1 0.8 18 20  0.975 0
D    99        150                500                SHADE      0.7 0.1 0.8 18 20  0.975 1
D    99        150                500                SHADE      0.7 0.1 0.8 18 20  0.975 2
D    99        150                500                SHADE      0.7 0.1 0.8 18 20  0.975 3
D    99        150                500                SHADE      0.7 0.1 0.8 18 20  0.975 4

D    100        150                500                SHADE      0.7 0.1 0.8 18 20  0.975 0
D    100        150                500                SHADE      0.7 0.1 0.8 18 20  0.975 1
D    100        150                500                SHADE      0.7 0.1 0.8 18 20  0.975 2
D    100        150                500                SHADE      0.7 0.1 0.8 18 20  0.975 3
D    100        150                500                SHADE      0.7 0.1 0.8 18 20  0.975 4

D    101        150                500                SHADE      0.7 0.1 0.8 18 20  0.975 0
D    101        150                500                SHADE      0.7 0.1 0.8 18 20  0.975 1
D    101        150                500                SHADE      0.7 0.1 0.8 18 20  0.975 2
D    101        150                500                SHADE      0.7 0.1 0.8 18 20  0.975 3
D    101        150                500                SHADE      0.7 0.1 0.8 18 20  0.975 4

D    102        150                500                SHADE      0.7 0.1 0.8 18 20  0.975 0
D    102        150                500                SHADE      0.7 0.1 0.8 18 20  0.975 1
D    102        150                500                SHADE      0.7 0.1 0.8 18 20  0.975 2
D    102        150                500                SHADE      0.7 0.1 0.8 18 20  0.975 3
D    102        150                500                SHADE      0.7 0.1 0.8 18 20  0.975 4

D    103        150                500                SHADE      0.7 0.1 0.8 18 20  0.975 0
D    103        150                500                SHADE      0.7 0.1 0.8 18 20  0.975 1
D    103        150                500                SHADE      0.7 0.1 0.8 18 20  0.975 2
D    103        150                500                SHADE      0.7 0.1 0.8 18 20  0.975 3
D    103        150                500                SHADE      0.7 0.1 0.8 18 20  0.975 4

D    104        150                500                SHADE      0.7 0.1 0.8 18 20  0.975 0
D    104        150                500                SHADE      0.7 0.1 0.8 18 20  0.975 1
D    104        150                500                SHADE      0.7 0.1 0.8 18 20  0.975 2
D    104        150                500                SHADE      0.7 0.1 0.8 18 20  0.975 3
D    104        150                500                SHADE      0.7 0.1 0.8 18 20  0.975 4

D    105        150                500                SHADE      0.7 0.1 0.8 18 20  0.975 0
D    105        150                500                SHADE      0.7 0.1 0.8 18 20  0.975 1
D    105        150                500                SHADE      0.7 0.1 0.8 18 20  0.975 2
D    105        150                500                SHADE      0.7 0.1 0.8 18 20  0.975 3
D    105        150                500                SHADE      0.7 0.1 0.8 18 20  0.975 4

D    106        150                500                SHADE      0.7 0.1 0.8 18 20  0.975 0
D    106        150                500                SHADE      0.7 0.1 0.8 18 20  0.975 1
D    106        150                500                SHADE      0.7 0.1 0.8 18 20  0.975 2
D    106        150                500                SHADE      0.7 0.1 0.8 18 20  0.975 3
D    106        150                500                SHADE      0.7 0.1 0.8 18 20  0.975 4

D    107        150                500                SHADE      0.7 0.1 0.8 18 20  0.975 0
D    107        150                500                SHADE      0.7 0.1 0.8 18 20  0.975 1
D    107        150                500                SHADE      0.7 0.1 0.8 18 20  0.975 2
D    107        150                500                SHADE      0.7 0.1 0.8 18 20  0.975 3
D    107        150                500                SHADE      0.7 0.1 0.8 18 20  0.975 4

D    108        150                500                SHADE      0.7 0.1 0.8 18 20  0.975 0
D    108        150                500                SHADE      0.7 0.1 0.8 18 20  0.975 1
D    108        150                500                SHADE      0.7 0.1 0.8 18 20  0.975 2
D    108        150                500                SHADE      0.7 0.1 0.8 18 20  0.975 3
D    108        150                500                SHADE      0.7 0.1 0.8 18 20  0.975 4

D    109        150                500                SHADE      0.7 0.1 0.8 18 20  0.975 0
D    109        150                500                SHADE      0.7 0.1 0.8 18 20  0.975 1
D    109        150                500                SHADE      0.7 0.1 0.8 18 20  0.975 2
D    109        150                500                SHADE      0.7 0.1 0.8 18 20  0.975 3
D    109        150                500                SHADE      0.7 0.1 0.8 18 20  0.975 4

D    110        150                500                SHADE      0.7 0.1 0.8 18 20  0.99 0
D    110        150                500                SHADE      0.7 0.1 0.8 18 20  0.99 1
D    110        150                500                SHADE      0.7 0.1 0.8 18 20  0.99 2
D    110        150                500                SHADE      0.7 0.1 0.8 18 20  0.99 3
D    110        150                500                SHADE      0.7 0.1 0.8 18 20  0.99 4

D    111        150                500                SHADE      0.7 0.1 0.8 18 20  0.99 0
D    111        150                500                SHADE      0.7 0.1 0.8 18 20  0.99 1
D    111        150                500                SHADE      0.7 0.1 0.8 18 20  0.99 2
D    111        150                500                SHADE      0.7 0.1 0.8 18 20  0.99 3
D    111        150                500                SHADE      0.7 0.1 0.8 18 20  0.99 4

D    112        150                500                SHADE      0.7 0.1 0.8 18 20  0.99 0
D    112        150                500                SHADE      0.7 0.1 0.8 18 20  0.99 1
D    112        150                500                SHADE      0.7 0.1 0.8 18 20  0.99 2
D    112        150                500                SHADE      0.7 0.1 0.8 18 20  0.99 3
D    112        150                500                SHADE      0.7 0.1 0.8 18 20  0.99 4

D    113        150                500                SHADE      0.7 0.1 0.8 18 20  0.99 0
D    113        150                500                SHADE      0.7 0.1 0.8 18 20  0.99 1
D    113        150                500                SHADE      0.7 0.1 0.8 18 20  0.99 2
D    113        150                500                SHADE      0.7 0.1 0.8 18 20  0.99 3
D    113        150                500                SHADE      0.7 0.1 0.8 18 20  0.99 4

D    114        150                500                SHADE      0.7 0.1 0.8 18 20  0.99 0
D    114        150                500                SHADE      0.7 0.1 0.8 18 20  0.99 1
D    114        150                500                SHADE      0.7 0.1 0.8 18 20  0.99 2
D    114        150                500                SHADE      0.7 0.1 0.8 18 20  0.99 3
D    114        150                500                SHADE      0.7 0.1 0.8 18 20  0.99 4

D    115        150                500                SHADE      0.7 0.1 0.8 18 20  0.99 0
D    115        150                500                SHADE      0.7 0.1 0.8 18 20  0.99 1
D    115        150                500                SHADE      0.7 0.1 0.8 18 20  0.99 2
D    115        150                500                SHADE      0.7 0.1 0.8 18 20  0.99 3
D    115        150                500                SHADE      0.7 0.1 0.8 18 20  0.99 4

D    116        150                500                SHADE      0.7 0.1 0.8 18 20  0.99 0
D    116        150                500                SHADE      0.7 0.1 0.8 18 20  0.99 1
D    116        150                500                SHADE      0.7 0.1 0.8 18 20  0.99 2
D    116        150                500                SHADE      0.7 0.1 0.8 18 20  0.99 3
D    116        150                500                SHADE      0.7 0.1 0.8 18 20  0.99 4

D    117        150                500                SHADE      0.7 0.1 0.8 18 20  0.99 0
D    117        150                500                SHADE      0.7 0.1 0.8 18 20  0.99 1
D    117        150                500                SHADE      0.7 0.1 0.8 18 20  0.99 2
D    117        150                500                SHADE      0.7 0.1 0.8 18 20  0.99 3
D    117        150                500                SHADE      0.7 0.1 0.8 18 20  0.99 4

D    118        150                500                SHADE      0.7 0.1 0.8 18 20  0.99 0
D    118        150                500                SHADE      0.7 0.1 0.8 18 20  0.99 1
D    118        150                500                SHADE      0.7 0.1 0.8 18 20  0.99 2
D    118        150                500                SHADE      0.7 0.1 0.8 18 20  0.99 3
D    118        150                500                SHADE      0.7 0.1 0.8 18 20  0.99 4

D    119        150                500                SHADE      0.7 0.1 0.8 18 20  0.99 0
D    119        150                500                SHADE      0.7 0.1 0.8 18 20  0.99 1
D    119        150                500                SHADE      0.7 0.1 0.8 18 20  0.99 2
D    119        150                500                SHADE      0.7 0.1 0.8 18 20  0.99 3
D    119        150                500                SHADE      0.7 0.1 0.8 18 20  0.99 4
